2 3
12   25   45
56   98   23
3 4
1 1 7  7
4 6 1 -2
1 1 0  2
5 6
3  2  5  7  5  9
6  3  5  7  2  10
12 9  8  15 15 7
4  1  3  8  5  1
3  14 19 3  2  1
5 1
2
5
6
4
3
7 5
5  2  1 9 7
10 11 1 3 2
7  2  1 1 6
2  1  1 6 5
2  1  1 3 0
0  2  1 0 4
4  11 1 8 6
5  4
40 0  4  19
3  8  15 20
18 11 4  14
1  1  5  3
38 30 22 44
7 3
220 76  138
239 62  71
151 369 73
57  32  226
31  18  87
45  57  74
57  386 131
4 2
148 165
6   74
167 40
279 320
6 5
80 50 2 125 27
55 33 2 86 38
8  99 2 39 4
4  56 2 24 54
18 10 2 10 4
35 52 2 16 72
4 4
37 43 34 11
16 67 48 11
10 29 58 30
37 61 60 42


